


// iBlock
// 	   x - y                 rotation kernels

// pos1 [0,1,2,3][1,1,1,1] -> 				[2,1,0,-1][-1,0,1,2]                     	x0 kernel        y0 kernel
// pos2 [2,2,2,2][0,1,2,3] -> 				[1,0,-1,-2][2,1,0,-1] x0 kernel = y1 kernel    -y0 kernel	 x0 kernel
// pos3 [3,2,1,0][2,2,2,2] -> [-2,-1,0,1][1,0,-1,-2]						       -x0 kernel       -y0 kernel
// pos4 [1,1,1,1][3,2,1,0] -> [-1,0,1,2][-2,-1,0,1]						        y0 kernel       -x0 kernel

// jBlock

// pos1 [0,0,1,2][0,1,1,1] -> 				[2,1,0,-1][0,-1,0,1]                            x0 kernel       y0 kernel
// pos2 [2,1,1,1][0,0,1,2] -> 				[0,1,0,-1][2,1,0,-1]  			       -y0 kernel       x0 kernel
// pos3 [2,2,1,0][2,1,1,1] -> [-2,-1,0,1][0,1,0,-1]						       -x0 kernel      -y0 kernel
// pos4 [0,1,1,1][2,2,1,0] -> [0,-1,0,1][-2,-1,0,1] 						        y0 kernel      -x0 kernmel

// lBlock

// pos1 [0,1,2,2][1,1,1,0] -> 				[1,0,-1,0][-1,0,1,2]                            x0 kernel       y0 kernel 
// pos2 [1,1,1,2][0,1,2,2] -> 				[1,0,-1,-2][1,0,-1,0] 			       -y0 kernel
// pos3 [2,1,0,0][1,1,1,2] -> [-1,0,1,0][1,0,-1,-2]
// pos4 [1,1,1,0][2,1,0,0] -> [-1,0,1,2][-1,0,1,0]

// oBlock
// noKernel

// sBlock

// pos1 [0,1,1,2][1,1,0,0] -> 				[1,0,1,0][-1,0,1,2]
// pos2 [1,1,2,2][0,1,1,2] -> 				[1,0,-1,-2][1,0,1,0]
// pos3 [2,1,1,0][1,1,2,2] -> [-1,0,-1,0][1,0,-1,-2]
// pos4 [1,1,0,0][2,1,1,0] -> [-1,0,1,2][-1,0,-1,0]

// tBlock

// pos1 [0,1,2,1][1,1,1,0] -> 				[1,0,-1,1][-1,0,1,1]
// pos2 [1,1,1,2][0,1,2,1] -> 				[1,0,-1,-1][1,0,-1,1]
// pos3 [2,1,0,1][1,1,1,2] -> [-1,0,1,-1][1,0,-1,-1]
// pos4 [1,1,1,0][2,1,0,1] -> [-1,0,1,1][-1,0,1,-1]

// zBlock

// pos1 [0,1,1,2][0,0,1,1] -> 				[2,1,0,-1][0,1,0,1]
// pos2 [2,2,1,1][0,1,1,2] -> 				[0,-1,0,-1][2,1,0,-1]
// pos3 [2,1,1,0][2,2,1,1] -> [-2,-1,0,1][0,-1,0,-1]
// pos4 [0,0,1,1][2,1,1,0] -> [0,1,0,1][-2,-1,0,1]

